>> [my_roll_one,my_roll_two,task_two,posterior] = coursework(100)

my_roll_one =

  Columns 1 through 14

     6     4     5     4     4     6     4     2     3     6     2     4     6     2

  Columns 15 through 28

     6     6     4     4     3     4     6     6     4     6     2     2     5     6

  Columns 29 through 42

     6     6     6     4     6     6     4     6     2     6     2     4     4     5

  Columns 43 through 56

     6     4     5     4     2     5     5     5     3     5     2     3     4     3

  Columns 57 through 70

     4     6     6     2     1     2     4     1     6     4     4     2     4     6

  Columns 71 through 84

     3     4     6     6     2     4     4     4     4     6     5     3     4     4

  Columns 85 through 98

     4     6     4     6     4     6     5     4     4     2     1     2     4     4

  Columns 99 through 100

     5     2


my_roll_two =

  Columns 1 through 14

     1     3     4     5     6     4     4     5     5     3     1     3     1     3

  Columns 15 through 28

     5     3     4     5     3     3     3     3     3     3     3     3     1     3

  Columns 29 through 42

     2     1     5     5     3     2     2     2     1     6     1     3     1     3

  Columns 43 through 56

     1     3     5     5     4     2     2     6     3     3     5     2     3     1

  Columns 57 through 70

     5     3     2     3     4     2     1     5     5     3     1     5     3     2

  Columns 71 through 84

     5     3     4     3     1     1     3     1     4     6     3     5     6     3

  Columns 85 through 98

     5     4     3     1     6     4     1     3     3     1     3     3     4     4

  Columns 99 through 100

     2     4


task_two =

  Columns 1 through 3

     7.588949561597826e-71     6.851445674913381e-85     1.742607066234142e-77

  Columns 4 through 6

     1.543819944475447e-86     5.799610413375102e-86     3.649447486674302e-86

  Columns 7 through 9

     9.299161963905635e-75     1.977388306654789e-83     6.614005883032567e-72

  Column 10

     4.853097472236704e-71


posterior =

  Columns 1 through 14

     2     2     1     2     2     2     2     2     2     2     2     2     2     2
     1     1     1     1     1     1     2     1     1     1     1     1     1     1
     1     2     1     1     1     1     1     1     1     1     1     1     2     1
     1     1     1     1     1     1     1     1     1     1     1     1     1     1
     2     1     1     1     1     2     1     1     1     1     1     1     1     1
     1     1     1     1     1     1     1     1     1     1     1     1     1     1
     2     2     1     2     1     1     1     1     1     2     2     2     2     2
     2     1     1     2     2     2     2     2     2     2     1     1     1     1
     2     2     1     2     2     2     2     2     2     2     2     2     2     2
     1     2     2     2     1     1     1     1     2     1     1     1     1     1

  Columns 15 through 28

     2     2     2     2     2     2     2     2     2     2     2     2     2     2
     1     1     1     1     1     1     1     1     1     1     1     1     1     1
     2     1     1     2     2     2     2     1     2     1     1     1     1     1
     1     1     1     1     1     1     1     1     1     1     1     1     1     1
     1     1     1     1     1     1     1     1     1     1     1     1     1     1
     1     1     1     1     1     1     1     1     1     1     1     1     1     1
     2     2     2     2     2     2     2     2     2     2     2     2     2     2
     1     1     1     1     1     1     1     1     1     1     2     2     2     2
     2     2     2     2     2     2     2     2     2     2     2     2     2     2
     1     2     2     2     2     2     2     2     2     2     2     2     2     2

  Columns 29 through 42

     2     2     2     2     2     2     2     2     2     2     2     2     2     2
     1     1     1     1     1     1     1     2     1     2     1     1     1     1
     1     1     1     2     2     2     2     2     2     2     2     2     2     2
     1     1     1     1     1     1     1     1     1     1     1     1     1     1
     1     1     1     1     1     1     1     1     1     1     1     1     1     1
     1     1     1     1     1     1     1     1     1     1     1     1     1     1
     2     2     2     2     2     2     2     1     1     1     1     2     2     2
     2     1     1     1     1     1     1     1     1     1     1     1     1     1
     1     2     2     2     2     2     2     2     2     2     2     2     2     2
     2     2     2     2     2     2     2     2     2     2     2     2     2     2

  Columns 43 through 56

     2     2     2     2     2     2     2     1     1     1     1     1     1     1
     1     1     1     1     1     1     2     2     2     1     1     1     1     1
     2     2     2     2     2     2     2     2     2     2     2     2     2     2
     1     1     1     1     1     1     1     1     1     1     1     1     1     1
     1     1     1     1     1     1     1     1     1     1     2     2     2     1
     1     1     1     1     1     1     1     2     2     2     2     2     2     2
     2     2     2     2     2     2     1     1     1     1     2     1     2     2
     1     1     1     1     1     1     1     1     1     1     1     1     1     1
     2     2     2     2     2     2     1     2     2     2     2     1     2     2
     2     2     2     2     2     2     2     2     2     2     1     1     1     1

  Columns 57 through 70

     1     1     2     2     2     2     2     2     2     2     2     2     2     2
     1     1     1     1     1     1     1     1     1     1     1     1     1     1
     2     2     2     2     2     2     2     2     2     2     2     2     1     1
     1     1     1     1     1     1     1     1     1     1     1     1     1     1
     1     1     1     1     1     1     1     1     1     1     1     1     1     1
     1     1     1     1     1     1     1     1     1     1     1     1     1     1
     2     2     2     2     2     1     2     2     2     2     2     2     2     2
     1     1     1     1     1     1     1     1     1     1     1     1     2     1
     2     2     2     2     2     2     2     2     2     2     2     2     2     2
     1     1     2     2     2     2     2     2     2     2     2     2     2     2

  Columns 71 through 84

     2     2     2     2     2     2     2     2     2     2     2     2     2     2
     1     1     1     1     1     1     1     1     1     1     1     1     1     1
     1     1     1     1     1     1     1     1     1     1     1     1     2     2
     1     1     1     1     1     1     1     1     1     1     1     1     1     1
     1     1     1     1     1     1     1     1     1     1     1     1     1     1
     1     1     1     1     1     1     1     1     1     1     1     1     1     1
     2     2     2     2     2     2     2     2     2     2     2     2     2     2
     2     2     2     2     2     2     2     2     2     2     2     2     1     1
     2     2     2     2     2     2     2     2     2     2     2     2     2     2
     2     2     2     2     2     2     2     2     2     2     2     2     2     2

